0.0050 0.0233 0.0515 0.0795 0.1075
0.0233 0.0516 0.0798 0.1078 0.1358 
0.0515 0.0798 0.1080 0.1360 0.1639 
0.0795 0.1078 0.1360 0.1640 0.1918 
0.1075 0.1358 0.1639 0.1918 0.2199
0.0050 0.0233 0.0515 0.0795 0.1075
0.0233 0.0516 0.0798 0.1078 0.1358 
0.0515 0.0798 0.1080 0.1360 0.1639 
0.0795 0.1078 0.1360 0.1640 0.1918 
0.1075 0.1358 0.1639 0.1918 0.2195
0.0050 0.0233 0.0515 0.0795 0.1075
0.0233 0.0516 0.0798 0.1078 0.1358 
0.0515 0.0798 0.1080 0.1360 0.1639 
0.0795 0.1078 0.1360 0.1640 0.1918 
0.1075 0.1358 0.1639 0.1918 0.2195
0.0050 0.0233 0.0515 0.0795 0.1075
0.0233 0.0516 0.0798 0.1078 0.1358 
0.0515 0.0798 0.1080 0.1360 0.1639 
0.0795 0.1078 0.1360 0.1640 0.1918 
0.1075 0.1358 0.1639 0.1918 0.2195
0.0050 0.0233 0.0515 0.0795 0.1075
0.0233 0.0516 0.0798 0.1078 0.1358 
0.0515 0.0798 0.1080 0.1360 0.1639 
0.0795 0.1078 0.1360 0.1640 0.1918 
0.1075 0.1358 0.1639 0.1918 0.2195
0.0050 0.0233 0.0515 0.0795 0.1075
0.0233 0.0516 0.0798 0.1078 0.1358 
0.0515 0.0798 0.1080 0.1360 0.1639 
0.0795 0.1078 0.1360 0.1640 0.1918 
0.1075 0.1358 0.1639 0.1918 0.2195
0.0050 0.0233 0.0515 0.0795 0.1075
0.0233 0.0516 0.0798 0.1078 0.1358 
0.0515 0.0798 0.1080 0.1360 0.1639 
0.0795 0.1078 0.1360 0.1640 0.1918 
0.1075 0.1358 0.1639 0.1918 0.2195
0.0050 0.0233 0.0515 0.0795 0.1075
0.0233 0.0516 0.0798 0.1078 0.1358 
0.0515 0.0798 0.1080 0.1360 0.1639 
0.0795 0.1078 0.1360 0.1640 0.1918 
0.1075 0.1358 0.1639 0.1918 0.2195
0.0050 0.0233 0.0515 0.0795 0.1075
0.0233 0.0516 0.0798 0.1078 0.1358 
0.0515 0.0798 0.1080 0.1360 0.1639 
0.0795 0.1078 0.1360 0.1640 0.1918 
0.1075 0.1358 0.1639 0.1918 0.2195
0.0050 0.0233 0.0515 0.0795 0.1075
0.0233 0.0516 0.0798 0.1078 0.1358 
0.0515 0.0798 0.1080 0.1360 0.1639 
0.0795 0.1078 0.1360 0.1640 0.1918 
0.1075 0.1358 0.1639 0.1918 0.2195
0.0050 0.0233 0.0515 0.0795 0.1075
0.0233 0.0516 0.0798 0.1078 0.1358 
0.0515 0.0798 0.1080 0.1360 0.1639 
0.0795 0.1078 0.1360 0.1640 0.1918 
0.1075 0.1358 0.1639 0.1918 0.2195
0.0050 0.0233 0.0515 0.0795 0.1075
0.0233 0.0516 0.0798 0.1078 0.1358 
0.0515 0.0798 0.1080 0.1360 0.1639 
0.0795 0.1078 0.1360 0.1640 0.1918 
0.1075 0.1358 0.1639 0.1918 0.2195
0.0050 0.0233 0.0515 0.0795 0.1075
0.0233 0.0516 0.0798 0.1078 0.1358 
0.0515 0.0798 0.1080 0.1360 0.1639 
0.0795 0.1078 0.1360 0.1640 0.1918 
0.1075 0.1358 0.1639 0.1918 0.2195 